# IND Second Avenue (#00add0)
geo:40.785672332551975,-73.95107000070676	96th St
geo:40.77949233083758,-73.95558899978448	86th St
geo:40.77551973010138,-73.97633657548647	72nd St
